x =[10 10 10 15 15 10 10];
y=[15 10 5 5 10 10 15];
z=[10 10 10 10 10 10 10];
draw =[x;y;z];
Dj1 = [64.08 60.24 61.29 70.51 70.72 60.24 64.08];
Dj2 =[-0.7368 -18.68 -37.85 -30.67 -24.4 -18.68 -0.7368];
Dj3 =[-90 -90 -90 -86.64 -79.5 -90 -90];
Dj4 =[180 180 180 178.5 175.4 180 180];
Dj5 =[131.7 101.6 85.51 135 135 101.6 131.7];
Dj =[Dj1;Dj2;Dj3;Dj4;Dj5];


px= [ 10  10  5  5  5 0  -5 -10]
py= [ 10  15 15 15 15 15 15  15]
pz = [10 10  10 15 30 30 30  30];
p2p = [px;py;pz]

pj1 =[60.24 64.08 49.34 71.22 129.1 138 150.3 165.4]
pj2 =[-18.68 -0.7368 -1.352 -1.29 -22.21 -9.108 -1.665 -0.8548]
pj3 =[-90 -90 -90 -90 -69.96 -82.95 -89.44 -90]
pj4 =[180 180 180 180 169 175.7 179.7 180]
pj5 =[101.6 131.7 86.55 89.44 135 135 135 135]
pj =[pj1;pj2;pj3;pj4;pj5]







